2015
2014
2016
2014
2015
2015
2003
2014
2014
2014
2015
2016
2014
2008
2015
2010
2013
2016
2009
1999
2006
2014
2012
1972
2014
2014
2015
2014
2016
2007
2011
1994
2001
2013
1994
2011
2015
2002
2014
2015
2015
1975
2015
2008
1977
2012
2003
1994
2014
2008
2015
2001
2014
2014
2015
2007
2014
2014
2005
2015
2010
2015
2012
2014
2013
2001
2003
1997
2012
2008
2015
2010
2002
2001
1974
1993
1999
1997
2015
1999
2015
1991
2014
2005
2015
2015
2015
2015
2013
2014
1997
2012
2002
2013
2013
2009
2015
2013
2004
2000
2015
2013
2009
2013
2016
1979
1982
1960
2012
1992
2009
2002
2010
2006
1994
2012
2016
2011
2012
2014
2014
2013
2014
2006
2014
2013
1966
2014
1998
2011
2002
1968
2016
2003
2014
2015
1994
2006
2008
2006
2014
2006
2014
2014
2006
2002
2009
2014
2012
2015
2010
2013
2003
2009
2011
1992
1989
2008
1999
2006
2014
1937
2014
2003
2004
1995
2014
1980
2010
1980
2013
2007
2004
2011
2013
2010
2010
2012
2014
2004
1985
2013
1998
2008
1996
2013
2015
2011
2006
2014
2014
1984
2014
2012
2002
2012
2008
2010
2001
1995
2009
1999
1998
2003
2004
1999
2015
2014
2009
2014
1976
2009
2014
2015
2013
2007
2003
2014
2004
1997
1983
2009
2003
2010
2012
2012
2016
2010
2015
2015
2012
1981
1995
2014
2013
1986
1978
2009
1998
1939
2005
2013
2001
2010
2002
1984
1992
2004
2014
2008
2016
2016
1988
2015
2015
2005
2002
2014
2007
2013
2015
2016
2012
2006
2012
2009
1975
2015
2012
2014
2013
2013
1996
1995
2013
2004
1990
2014
2012
1996
2015
2006
2016
2009
2006
1982
2016
1997
2008
2003
2012
2016
2013
2009
2012
2010
2012
2016
2012
2015
2015
2004
2014
1999
2005
2001
2013
2014
2010
2014
2001
2016
2007
1999
1997
1995
2000
2016
1996
2008
2015
2011
2014
2008
2010
1964
1995
2015
2014
2013
2013
2013
1957
2008
2001
2011
1990
1992
2014
1986
2004
1976
1997
2010
2008
1988
1998
2012
2011
2006
2016
2013
2009
2015
2004
2000
1990
2012
2015
2001
2009
1998
2012
2003
2016
2003
2008
2016
2013
1998
2004
2014
2016
2012
2016
1982
2013
2009
2002
1989
2015
1997
2004
2000
1993
2014
1999
2013
2002
2010
1999
2008
2005
2014
2012
2016
2016
2013
2015
2007
2000
2004
2016
2015
2008
2002
2013
2000
2006
2013
1993
1982
2015
2009
2010
1977
2015
2014
2003
2001
2012
2007
2009
2011
1995
2011
2005
2015
2001
2016
2007
1996
2012
2011
2001
2009
2000
1986
2015
2008
2008
2004
2002
2014
2016
2011
2012
2016
1994
1975
1997
1987
2011
2013
1979
2014
1986
2013
2010
2004
2009
2004
1994
2012
1988
2012
1984
1968
2011
2010
1998
2011
2004
2002
2012
2013
2006
1939
2007
1962
2010
2007
2014
2006
2016
2015
2010
2011
2005
2012
1978
2015
2013
2012
2013
1995
2016
2012
2005
2015
2015
2007
2006
2005
1984
1995
1964
2015
2010
1942
2011
2010
1973
2005
2012
1990
2004
2007
2013
2003
2007
2004
2004
2004
2008
2013
2008
2008
2007
2007
2015
2009
1996
2013
1983
2012
2002
1990
2011
2003
2011
2002
1980
2014
2009
2016
1997
2015
1940
1996
2013
2015
2003
1992
1990
2000
2014
2016
1990
2003
2004
2009
2013
1997
2013
2002
2006
1990
2000
2010
2005
2007
2015
2016
2014
2006
2000
2004
2009
2006
1997
2011
2008
2009
1984
2010
1992
2012
2006
2012
2010
2004
2013
1980
1994
1997
1995
2005
2002
1987
2004
1998
2005
2013
2001
2002
2013
1993
2016
2008
2005
2014
2005
1989
2011
1996
2010
2002
2012
2013
2014
2010
2011
2008
1998
2014
2011
2013
1997
1942
2012
2007
2005
2011
2012
2014
2013
2013
1989
2009
2008
2011
1990
2003
2014
2007
2007
2004
2014
2013
1997
2013
1946
2013
2016
2007
2008
2006
2014
2016
2016
2014
2014
2007
2012
2011
2005
2007
2000
1964
2015
1990
2015
2008
2001
2008
2008
2013
1999
2002
2014
2006
2004
1998
2015
2001
1996
2008
2010
2010
2004
2000
2002
1963
1962
2001
2009
2015
1994
2013
1998
2006
2004
1985
2012
2009
2012
2011
1999
2012
2013
2002
2011
2007
1997
2009
2008
2011
1993
1992
2015
1997
2015
2013
2011
2013
2000
2008
2001
2005
2002
1998
1995
2015
2012
1987
2014
2016
2004
1954
2009
2000
1999
2008
2012
2013
2012
2007
1988
2015
1998
1959
2011
2004
2016
2013
2000
2012
2015
2002
2010
2010
2008
2005
2011
2013
2000
1964
2014
1994
2011
1985
2011
2012
2011
2007
2015
2011
2005
2012
2012
2016
1987
2013
1984
2016
2004
2016
2015
2013
2008
2001
2003
2010
2002
2015
2011
1965
2011
1997
2014
2007
1992
2013
2010
2005
2010
2013
2014
2014
2002
2008
2009
1997
1992
2007
2003
2015
2010
2006
2016
2011
2009
1991
1981
2007
2013
2003
2011
2000
2011
2003
2006
2015
2006
2013
2001
2010
2011
2013
2005
2001
2009
2011
2011
2003
2005
1985
1952
2014
1974
2001
2004
1997
2006
2006
2013
2012
2015
2009
1982
2003
2011
1992
2009
1997
2010
1996
1998
2012
1977
2013
2001
1994
2013
2013
2013
2004
1987
2011
2007
2010
2005
2009
1998
2007
1980
2013
2007
2005
2013
2006
2015
2001
2013
2001
2014
1993
2004
1997
2012
1982
2011
2007
2004
2015
2002
2006
2004
1963
1981
2013
2003
1999
2006
1999
2014
1999
2005
2008
2012
2007
2013
1971
2005
2005
2013
2014
2002
2010
1995
1995
2015
1985
2001
2004
1998
2003
2012
2001
1983
2013
1990
2014
2010
2008
2013
1999
1995
1997
2011
2010
1992
2010
2009
2009
2011
1991
2015
2003
2003
2015
2014
2014
2007
2007
2009
2011
2007
2013
2002
1993
2004
1979
2006
2013
2008
2015
2006
2004
1940
2015
2009
2010
2011
2004
2014
2002
2008
2012
2016
2009
2005
1998
2000
2005
1990
2006
2013
2009
2002
2013
2004
2010
2010
1927
2011
2006
2012
2004
2006
2009
2003
2005
2005
2002
2013
2013
1996
2005
1993
2011
2016
2013
2008
2012
2009
2013
2008
2013
2012
1984
1982
1998
1996
2000
2012
2007
2011
2007
2007
2006
2001
2009
2015
2016
2002
2000
1999
2012
2012
2007
2014
2007
1988
2009
2003
2011
2014
2007
1998
2011
2005
1965
2009
2010
1999
2010
2010
2011
2008
2010
2001
2008
1993
2006
2012
1999
2008
2008
2005
2014
2004
2013
1993
1980
2015
1999
1973
2006
1995
2008
2011
2005
1999
2000
1978
1980
2010
1974
2005
2002
1987
2013
2013
2004
2016
2000
2005
2011
2011
1979
2006
2004
2015
2001
1988
1984
1994
1986
1997
2014
2012
2015
2015
2015
2013
2016
2005
1975
2007
2011
2011
1992
2013
2007
2006
1998
1999
2009
1996
2016
2016
2014
2004
2007
2009
1974
2005
2009
1986
2007
2013
2013
2007
2003
2008
2011
2005
2013
2007
2013
2005
2014
2013
2003
2005
1998
2008
1999
1994
2010
2009
2004
2002
2008
2015
2004
1991
2010
2000
1998
2004
1967
2013
1988
1994
2005
2004
2014
2013
1998
2011
1973
2011
2014
1984
2016
2009
2011
2001
1936
2002
2016
2004
1989
2000
2011
2013
2013
2003
2009
2002
2006
1990
2010
2012
2014
2014
2016
2004
1999
2015
2004
1998
2002
1991
2012
1997
2007
2014
2006
1997
2009
2002
1988
2008
2003
1999
2008
2010
2004
2002
2011
1998
1991
2008
2013
2003
2001
2014
2015
1985
1999
2015
1999
1977
2001
2013
2011
2011
2006
2007
2003
1996
2008
2012
1981
1994
2013
2015
2010
1991
2012
2012
2000
2003
2012
1997
2009
2014
2003
2009
2006
2011
1996
2002
2003
1992
2000
2003
2014
2004
2013
2002
2010
2010
2012
2009
1979
2010
2006
2010
2010
2011
2011
2009
2006
2008
1999
2008
1993
1993
1968
1999
2001
2007
2006
1981
2015
2001
2011
2001
2005
2005
2000
2002
1989
1976
1989
2005
2008
2009
2013
2001
1999
1984
2004
2008
2010
2010
2006
2009
2000
2013
2012
1996
1968
1983
2012
1999
1995
2014
1995
2009
2007
2008
2006
2001
2010
2000
2011
2000
2009
2014
2008
2000
2014
2011
2009
1969
1987
2004
2008
2004
1996
2012
2000
2005
2016
2014
2010
1998
2011
1984
2014
2015
2000
1989
1999
2008
2010
1987
2008
1997
2009
1998
2015
1987
2003
2006
2005
2016
2004
2010
2014
1979
2012
2006
2003
1994
1996
1969
2006
2004
1999
2010
1970
2000
2005
2001
1981
2003
2000
2006
2007
2005
2010
2010
2015
2002
2000
1972
2001
1990
2003
2005
2009
2002
2011
2001
2004
2000
1971
2005
1962
2006
2009
2009
2003
2009
1998
2010
1993
2012
1995
2004
2005
2009
2000
2009
2002
1995
2007
2004
2008
2012
2008
2006
2011
2008
1999
2000
2004
1961
2004
2001
2012
2005
1983
2011
2010
1997
1987
2011
2001
2004
2013
2012
2000
2010
2005
2007
2009
1995
2007
1983
2010
1999
1957
1998
1995
2004
2010
2016
1999
2014
2008
2013
2008
2005
1960
2009
1995
2010
2009
2010
1983
1974
2010
1989
1996
2012
2014
2004
2010
2004
2004
2004
2014
2003
1980
1987
2010
1997
2001
2007
2006
2007
2012
2013
1996
2010
2003
1982
1993
2002
2006
2009
2009
1986
1997
1983
2014
1962
2011
2014
2009
2006
2002
2007
1995
2000
2003
2003
1998
2010
2012
2009
1970
1999
1998
2001
2009
2012
2011
1992
2008
2008
2010
2001
2004
1984
2007
2012
2009
2012
2009
1992
2014
2014
1996
2009
1988
1985
2009
2005
2002
2016
2002
2000
2001
2008
1998
1998
2008
2011
2004
2006
2013
2014
1994
2010
2011
1998
2011
2001
2010
2011
2008
2010
2015
1987
2006
1969
2010
2010
2002
1999
2004
2015
2001
2007
2011
2010
2004
2008
2013
2002
2012
1991
1997
2012
1995
2010
2007
1999
2011
1982
1974
1998
2009
1998
1964
1989
2006
2007
1988
2007
1999
2009
2005
2011
1999
2012
1997
2002
1997
2014
1996
2014
2013
2016
2010
2008
2008
2013
2008
2000
2011
2005
2007
1982
1977
2009
2001
2004
2008
2009
2008
2011
2008
1995
1994
2003
2012
2011
2014
2015
1996
2006
2013
2009
1977
2006
2006
2010
1999
2006
2009
1998
2010
2011
2009
2011
2005
2014
2009
2010
2013
2003
2010
2002
2008
2011
1999
2016
1997
2003
2011
1997
1997
1995
1992
2003
2011
1978
2007
2008
2009
2000
1994
2006
1997
2002
2003
1998
2002
2000
2010
2015
2003
2009
2000
2006
1992
1978
2004
1989
1989
2008
1996
1962
1996
2008
2012
1999
2012
1997
2011
2007
2011
2010
2009
1999
2001
2000
2008
2012
1973
2006
2003
1994
1997
2011
2015
2000
2016
2011
1992
2003
2004
2011
2005
1985
2015
2011
1995
1973
2006
2002
2005
2008
2009
2003
2007
2003
2000
2007
2007
2004
2008
1997
2007
2009
1998
2001
2013
1994
2005
1972
2002
2003
2006
2013
2009
2013
2001
2002
2005
2007
2005
2007
2008
2008
2009
2013
1998
2002
1993
1952
2010
2005
2001
2006
1998
2008
2012
2014
2004
2000
2003
2003
2010
2008
2000
1989
2014
1940
2002
1983
1998
2005
2007
2010
2008
1984
1999
1987
1999
2000
2010
1999
1971
1998
2000
2011
2016
1998
2015
2000
2002
2003
2007
2005
2015
1999
2001
2006
1991
2007
2002
2013
2002
1983
2002
2003
1999
2000
2006
2015
1985
2008
2011
2008
2009
2004
2012
1993
2005
2010
2014
1995
2002
2005
2011
2000
2011
2009
2007
1994
2005
2012
2005
1991
2009
2013
1993
2012
2004
2013
2008
2007
1961
1988
2013
2006
2010
1995
2008
2015
1985
1983
1999
2001
2005
2006
1988
2004
1999
1998
2005
2013
2011
2014
2004
2009
1986
1978
1996
2006
1995
2014
1987
2009
2002
2011
1976
1996
2006
2002
2004
2005
2010
2005
2012
2008
2007
1988
2008
2011
2008
2006
2005
1987
2008
2011
2011
1998
1997
1973
2009
2003
2001
2006
2006
2010
1997
1997
2003
